1.450980392156867 -0.6215686274509853 -0.858431372549014 -0.7 66.66666666666666 Red
-1.8941176470588212 0.5839215686274506 1.2811764705882358 -0.49999999999999994 79.16666666666666 Blue
-0.9372549019607829 1.9188235294117775 -1.1235294117647043 -0.3 73.33333333333333 Green
1.0109803921568616 0.012156862745098314 -0.9298039215686265 -0.7 0.0 Orange
1.5427450980392154 1.2215686274509783 -0.7760784313725487 -1.8999999999999997 75.0 Yellow
0.5639215686274518 -1.191764705882352 0.2811764705882384 -0.7 0.0 Purple
2.290196078431377 -1.1258823529411717 1.2725490196078402 -2.5 71.42857142857143 Pink
1.2556862745098023 0.41686274509804055 -1.3070588235294178 -0.8999999999999999 50.0 Brown
-0.36705882352941205 -0.4976470588235293 -0.3870588235294114 0.09999999999999998 0.0 Gray
1.517647058823533 -0.2631372549019696 -0.09137254901959727 -1.0999999999999999 33.33333333333333 Red
-1.807058823529407 0.3964705882352941 2.1172549019607905 -1.0999999999999999 79.16666666666666 Blue
-1.4996078431372508 1.6662745098039387 -0.36666666666666203 -0.29999999999999993 73.33333333333333 Green
0.644705882352941 0.031764705882353236 -0.8176470588235278 -0.8999999999999999 0.0 Orange
1.402352941176471 1.5752941176470616 -1.172156862745094 -1.8999999999999997 100.0 Yellow
0.7858823529411786 -1.1047058823529428 0.6278431372549053 -0.7 40.0 Purple
2.8196078431372618 -1.834901960784303 0.7690196078431302 -2.3 71.42857142857143 Pink
1.6392156862745042 0.0027450980392178526 -1.441176470588249 -0.8999999999999999 50.0 Brown
0.12705882352941095 -0.1494117647058839 0.0152941176470579 -0.09999999999999998 0.0 Gray
0.7090196078431441 -0.790980392156875 -0.5894117647058679 -0.49999999999999994 0.0 Red
-1.3176470588235194 -0.06627450980392253 1.763529411764719 -0.7 87.5 Blue
-0.013333333333325328 1.8050980392157128 -1.0074509803921508 -0.8999999999999999 40.0 Green
0.51058823529412 -0.2082352941176464 -0.5925490196078415 -0.49999999999999994 0.0 Orange
1.3145098039215715 1.6356862745098075 -1.076470588235293 -2.0999999999999996 75.0 Yellow
0.5325490196078465 -1.2145098039215665 0.3603921568627475 -0.49999999999999994 20.0 Purple
3.0078431372548873 -0.6780392156862542 0.8584313725490063 -2.5 100.0 Pink
0.7960784313725426 0.07176470588235484 -1.666274509803949 0.10000000000000009 100.0 Brown
-0.06509803921568691 0.1909803921568618 -0.12117647058823683 -0.09999999999999998 0.0 Gray
0.5450980392156936 -1.3235294117647187 -1.0709803921568488 0.10000000000000009 100.0 Red
-1.9968627450980292 -0.001960784313726288 1.4498039215686347 -0.29999999999999993 75.0 Blue
-0.5905882352941096 1.695294117647091 -1.334509803921561 -0.09999999999999981 73.33333333333333 Green
0.8956862745098066 0.1611764705882357 -0.8278431372549007 -1.0999999999999999 0.0 Orange
1.935686274509806 1.689019607843139 -1.1619607843137247 -2.3 100.0 Yellow
0.8266666666666705 -1.2976470588235225 0.4647058823529432 -0.49999999999999994 40.0 Purple
2.806274509803887 -0.6427450980391918 1.151764705882342 -3.1000000000000005 42.857142857142854 Pink
-0.2368627450980459 -0.252941176470586 -0.2411764705882635 -0.09999999999999992 0.0 Brown
0.01960784313725391 -0.18392156862745285 -0.23882352941176682 -0.09999999999999998 0.0 Gray
1.9670588235294224 -0.727450980392175 -0.2560784313725277 -1.0999999999999999 33.33333333333333 Red
-2.1207843137254767 0.5854901960784297 1.7407843137254946 -0.7 83.33333333333334 Blue
-0.3780392156862664 1.460000000000037 -1.3878431372548916 -0.49999999999999983 40.0 Green
0.8564705882352986 0.17450980392156984 -1.1886274509803898 -0.7 0.0 Orange
1.2854901960784346 2.2223529411764735 -1.0678431372548987 -2.5 75.0 Yellow
0.6650980392156902 -0.972941176470572 0.7266666666666677 -0.7 40.0 Purple
2.679215686274466 -1.0592156862744817 1.0968627450980284 -2.9000000000000004 42.857142857142854 Pink
0.05725490196077529 0.6725490196078457 -1.4482352941176764 -0.09999999999999992 50.0 Brown
-0.19372549019607943 0.0913725490196059 -0.20039215686274792 -0.09999999999999998 0.0 Gray
0.9145098039215803 -0.2254901960784519 -0.8247058823529185 -0.7 0.0 Red
-1.8360784313725318 0.6709803921568616 1.9698039215686327 -1.0999999999999999 75.0 Blue
0.1537254901960913 1.6262745098039773 -1.6082352941176308 -0.2999999999999998 60.0 Green
0.8611764705882416 0.09529411764706039 -1.012941176470586 -0.7 0.0 Orange
2.294901960784319 1.6003921568627442 -1.1007843137254878 -2.7 75.0 Yellow
0.5419607843137303 -0.8066666666666507 0.7149019607843148 -0.7 40.0 Purple
2.8862745098038642 -0.2756862745097706 0.754117647058807 -2.9000000000000004 57.14285714285714 Pink
0.5796078431372451 0.21137254901961047 -0.6701960784314029 -0.49999999999999994 0.0 Brown
-0.29254901960784413 -0.034901960784315816 0.004313725490193543 -0.09999999999999998 0.0 Gray
1.016470588235309 -0.669411764705907 -0.5454901960784045 -0.49999999999999994 33.33333333333333 Red
-1.9882352941176282 0.49843137254901837 1.4505882352941213 -0.49999999999999994 79.16666666666666 Blue
-1.1184313725490063 1.2780392156863338 -1.0317647058823372 -0.09999999999999981 73.33333333333333 Green
0.786666666666674 0.12431372549019759 -0.9047058823529389 -0.8999999999999999 0.0 Orange
1.2321568627451074 2.306274509803924 -1.6419607843137125 -2.0999999999999996 100.0 Yellow
0.8894117647058876 -1.3235294117646896 1.1086274509803913 -0.8999999999999999 40.0 Purple
2.759999999999942 -1.0937254901960416 1.0278431372548846 -2.7 71.42857142857143 Pink
1.2462745098039107 -0.13058823529411417 -0.7831372549019925 -0.7 50.0 Brown
-0.3294117647058834 -0.08039215686274767 -0.2976470588235325 -0.09999999999999998 0.0 Gray
0.8415686274509949 -0.3243137254902222 -0.6945098039215387 -0.29999999999999993 100.0 Red
-1.606274509803897 0.3337254901960772 0.9203921568627449 -0.29999999999999993 75.0 Blue
-1.2070588235293973 1.6984313725490894 -0.640392156862732 -0.2999999999999998 73.33333333333333 Green
0.7529411764705968 0.10000000000000173 -0.543137254901959 -0.8999999999999999 0.0 Orange
1.349019607843148 1.752549019607847 -1.4749019607842961 -1.8999999999999997 100.0 Yellow
0.2807843137254977 -0.35254901960782714 0.7047058823529401 -0.7 30.0 Purple
2.4768627450979697 -1.3054901960783913 1.0380392156862546 -2.0999999999999996 85.71428571428571 Pink
0.8713725490195962 0.1556862745098075 -0.8890196078431697 -0.49999999999999994 50.0 Brown
-0.3364705882352954 -0.16196078431372782 -0.2192156862745127 -0.09999999999999998 0.0 Gray
0.8125490196078591 -0.21215686274512627 -0.7376470588234975 -0.29999999999999993 66.66666666666666 Red
-1.9294117647058517 0.12039215686274447 1.771372549019603 -0.7 75.0 Blue
-0.3027450980392007 1.541568627451058 -1.7282352941176333 -0.2999999999999998 60.0 Green
0.7152941176470683 0.347843137254904 -1.0952941176470572 -0.8999999999999999 0.0 Orange
1.4870588235294235 1.536078431372552 -0.4254901960784133 -2.3 75.0 Yellow
0.3874509803921658 -0.9125490196078285 0.44588235294117595 -0.7 0.0 Purple
2.6078431372548208 -1.2976470588234867 0.8160784313725262 -2.0999999999999996 85.71428571428571 Pink
0.9694117647058693 0.2890196078431405 -0.9062745098039544 -0.7 50.0 Brown
-0.2368627450980409 -0.06784313725490432 -0.32039215686274825 -0.10000000000000003 0.0 Gray
0.8549019607843295 -0.5321568627451277 -0.666274509803889 -0.29999999999999993 66.66666666666666 Red
-1.6737254901960423 0.5258823529411761 1.3956862745097989 -0.7 75.0 Blue
-1.2949019607842966 1.8435294117647845 -0.6592156862744948 -0.2999999999999998 73.33333333333333 Green
0.9372549019607943 0.204313725490198 -1.095294117647055 -0.8999999999999999 0.0 Orange
1.1584313725490292 1.5352941176470614 -1.3399999999999819 -1.8999999999999997 75.0 Yellow
1.0580392156862843 -1.301568627450966 0.6356862745098033 -0.7 40.0 Purple
2.671372549019512 -0.9478431372548551 0.7321568627450736 -2.0999999999999996 85.71428571428571 Pink
1.3490196078431218 0.3831372549019646 -0.6176470588235629 -0.8999999999999999 50.0 Brown
-0.16392156862745244 -0.06941176470588462 -0.23803921568627776 -0.09999999999999998 0.0 Gray
1.4650980392156998 -0.7125490196078786 -0.6450980392156475 -0.7 66.66666666666666 Red
-1.8462745098038804 0.7501960784313721 1.37686274509803 -0.49999999999999994 91.66666666666666 Blue
-0.5239215686274338 1.747058823529502 -1.4992156862744919 -0.2999999999999998 66.66666666666666 Green
0.9623529411764826 0.3250980392156887 -0.902352941176467 -0.7 100.0 Orange
1.3521568627451046 1.3815686274509824 -1.3525490196078243 -1.8999999999999997 75.0 Yellow
0.7027450980392266 -1.1039215686274324 0.7290196078431377 -0.7 40.0 Purple
2.683137254901859 -1.0780392156862222 1.1149019607842905 -2.7 71.42857142857143 Pink
0.34823529411762955 0.49137254901961225 -0.8388235294117984 -0.49999999999999994 0.0 Brown
-0.08784313725490306 -0.19725490196078635 -0.18078431372549347 -0.09999999999999998 0.0 Gray
1.0886274509804073 0.4960784313725127 -1.4552941176470215 -0.09999999999999992 100.0 Red
-1.5105882352940725 0.4011764705882344 1.4568627450980274 -0.7 83.33333333333334 Blue
0.23607843137256757 1.9188235294118632 -1.5737254901960607 -0.8999999999999999 40.0 Green
0.7176470588235425 0.6098039215686301 -0.7713725490196048 -1.0999999999999999 0.0 Orange
0.9701960784313786 1.3682352941176479 -1.3635294117646877 -1.6999999999999997 50.0 Yellow
0.7733333333333458 -1.2788235294117427 0.9431372549019622 -0.8999999999999999 40.0 Purple
2.901960784313601 -1.1047058823528824 1.3980392156862569 -2.9000000000000004 85.71428571428571 Pink
-0.45960784313727193 -0.05372549019607386 -0.5627450980392497 0.10000000000000009 0.0 Brown
-0.19921568627451083 0.11803921568627204 -0.22156862745098407 -0.09999999999999998 0.0 Gray
0.8894117647058991 -0.5980392156863121 -0.6435294117646675 -0.29999999999999993 100.0 Red
-1.9686274509803414 0.7313725490196069 1.4309803921568458 -0.7 75.0 Blue
-0.9756862745097827 1.6505882352942227 -1.3431372549019438 -0.29999999999999993 66.66666666666666 Green
0.5992156862745242 0.11254901960784591 -0.8419607843137226 -0.7 0.0 Orange
1.3513725490196151 1.5941176470588252 -1.0709803921568453 -1.8999999999999997 100.0 Yellow
0.6533333333333461 -0.9360784313725256 1.2184313725490243 -1.0999999999999999 40.0 Purple
2.6698039215684934 -1.0576470588234685 1.1862745098039036 -2.7 85.71428571428571 Pink
1.1145098039215529 0.6152941176470632 -1.114901960784352 -0.8999999999999999 50.0 Brown
-0.22117647058823625 -0.17215686274510061 -0.16745098039216047 0.10000000000000003 0.0 Gray
0.8776470588235463 -0.25294117647062636 -0.5031372549019189 -0.7 0.0 Red
-2.1498039215685756 0.3996078431372541 1.671764705882336 -0.8999999999999999 58.333333333333336 Blue
-0.5929411764705662 1.412941176470701 -1.121960784313706 -0.29999999999999993 66.66666666666666 Green
0.8894117647058979 0.14313725490196347 -1.136862745098036 -0.8999999999999999 0.0 Orange
1.5592156862745163 1.9423529411764713 -1.3525490196078194 -2.5 75.0 Yellow
0.6980392156862896 -1.1015686274509533 0.8796078431372581 -0.8999999999999999 40.0 Purple
2.546666666666519 -0.7478431372548316 0.9988235294117497 -2.7 57.14285714285714 Pink
0.8290196078431213 0.054509803921573396 -0.9737254901961175 -0.49999999999999994 50.0 Brown
-0.16627450980392267 0.12039215686274254 -0.22313725490196512 -0.3 0.0 Gray
1.7011764705882584 0.3007843137254485 -1.027058823529365 -1.0999999999999999 33.33333333333333 Red
-1.5662745098038653 0.5674509803921562 2.227843137254882 -1.2999999999999998 83.33333333333334 Blue
-0.849411764705859 1.8694117647060058 -2.1313725490195856 0.10000000000000009 73.33333333333333 Green
0.7960784313725646 -0.03254901960784057 -0.5870588235294079 -0.8999999999999999 0.0 Orange
1.9105882352941235 1.708627450980391 -1.199607843137232 -2.5 75.0 Yellow
0.35843137254903507 -1.2960784313725187 -0.1415686274509775 0.10000000000000009 50.0 Purple
2.627450980392002 -1.4709803921567886 0.9611764705882148 -2.3 85.71428571428571 Pink
0.6627450980391993 0.4576470588235342 -0.9305882352941578 -0.7 0.0 Brown
-0.1819607843137268 0.22313725490195763 0.019215686274505088 -0.3 0.0 Gray
1.9654901960784554 -0.942352941176515 -0.38078431372543764 -0.8999999999999999 100.0 Red
-1.7529411764705256 -0.30627450980392124 1.7517647058823296 -0.7 62.5 Blue
-1.119215686274484 2.3454901960785435 -0.20980392156860672 -1.0999999999999999 33.33333333333333 Green
0.8086274509804097 0.015294117647062018 -0.6999999999999966 -0.7 0.0 Orange
1.6235294117647114 1.5360784313725484 -1.6239215686274266 -1.8999999999999997 100.0 Yellow
0.8949019607843277 -0.9729411764705487 0.5407843137254938 -0.7 40.0 Purple
2.254901960784147 -0.4443137254901207 0.827058823529391 -2.5 42.857142857142854 Pink
-0.5105882352941353 -0.3047058823529357 -0.6239215686274912 0.10000000000000009 0.0 Brown
0.13176470588235153 -0.0709803921568663 -0.023137254901966386 -0.3 0.0 Gray
0.7639215686274745 0.3149019607842658 -0.9431372549019048 -0.7 0.0 Red
-1.5599999999999365 0.143137254901961 1.6294117647058557 -0.7 79.16666666666666 Blue
-0.5756862745097755 1.7235294117648257 -1.8560784313725254 -0.29999999999999993 60.0 Green
0.6870588235294305 0.11960784313725836 -0.8270588235294087 -0.7 0.0 Orange
1.6619607843137305 1.3007843137254875 -0.6827450980391919 -2.5 25.0 Yellow
0.5105882352941318 -0.9399999999999503 0.7462745098039228 -0.7 40.0 Purple
2.570196078431201 -1.0388235294116854 0.37999999999997675 -1.8999999999999997 85.71428571428571 Pink
0.4815686274509621 0.045882352941181564 -0.8129411764706298 -0.29999999999999993 50.0 Brown
-0.1490196078431384 0.0050980392156823665 -0.3462745098039268 -0.09999999999999998 0.0 Gray
0.8580392156862979 -0.8600000000000497 -0.9588235294117092 -0.29999999999999993 66.66666666666666 Red
-1.8525490196077727 -0.2129411764705892 1.072549019607815 -0.29999999999999993 54.166666666666664 Blue
-0.565490196078402 1.8521568627452314 -0.723529411764682 -0.7 60.0 Green
0.5952941176470787 0.11490196078431736 -0.8199999999999973 -0.7 0.0 Orange
1.5803921568627504 1.6992156862745083 -1.2294117647058562 -2.0999999999999996 100.0 Yellow
0.8666666666666814 -1.5933333333332786 0.73764705882353 -0.7 40.0 Purple
2.534901960784136 -0.7062745098038359 0.6890196078431121 -1.8999999999999997 100.0 Pink
0.6039215686274325 0.0984313725490237 -1.2160784313725916 0.10000000000000009 100.0 Brown
-0.0588235294117658 -0.06000000000000408 -0.06392156862745647 -0.3 0.0 Gray
1.4541176470588493 -0.5752941176471154 0.3007843137255499 -1.2999999999999998 0.0 Red
-2.1890196078430746 -0.020784313725491055 2.2176470588234927 -0.8999999999999999 70.83333333333334 Blue
-0.9505882352940855 1.669411764706029 -2.0521568627450755 0.3000000000000001 73.33333333333333 Green
0.9058823529411967 -0.23960784313725136 -0.8670588235294101 -0.8999999999999999 0.0 Orange
1.3098039215686321 1.5807843137254929 -1.2050980392156538 -2.3 25.0 Yellow
0.9231372549019756 -1.4882352941175894 0.6403921568627445 -0.8999999999999999 30.0 Purple
2.868235294117475 -1.475686274509711 0.7337254901960489 -2.0999999999999996 85.71428571428571 Pink
1.1992156862744876 0.18862745098039618 -1.0082352941176909 -0.49999999999999994 100.0 Brown
-0.2125490196078442 -0.15568627450980804 -0.1705882352941231 -0.09999999999999998 0.0 Gray
0.93882352941179 -0.8231372549020183 -0.6513725490195464 -0.29999999999999993 100.0 Red
-1.9043137254901283 0.27647058823529413 1.7478431372548608 -0.7 79.16666666666666 Blue
-0.28549019607839765 1.838039215686434 -1.647450980392129 -0.7 40.0 Green
0.672156862745119 0.08823529411765127 -0.8192156862745086 -0.7 0.0 Orange
1.1317647058823583 1.9180392156862787 -1.2599999999999645 -2.3 50.0 Yellow
0.8870588235294268 -1.1494117647058228 0.9000000000000007 -0.8999999999999999 40.0 Purple
2.611764705882165 -0.28588235294108133 0.9611764705882034 -2.5 85.71428571428571 Pink
0.9929411764705646 0.3258823529411819 -1.04431372549024 -0.7 50.0 Brown
0.10823529411764599 -0.019215686274514462 -0.009019607843143096 -0.09999999999999998 0.0 Gray
0.7074509803921861 -0.7870588235294731 -0.08117647058817136 -0.49999999999999994 33.33333333333333 Red
-1.4439215686273783 -0.5258823529411771 2.6537254901960496 -0.7 91.66666666666666 Blue
-0.7058823529411415 1.7125490196080142 -1.1745098039215414 -0.29999999999999993 73.33333333333333 Green
0.7082352941176693 0.03098039215686696 -0.7799999999999991 -0.7 0.0 Orange
1.3066666666666704 1.836470588235297 -1.1062745098038849 -2.0999999999999996 100.0 Yellow
0.2690196078431525 -0.8160784313724881 0.09764705882353067 -0.49999999999999994 0.0 Purple
2.1741176470586328 -1.1650980392155876 1.4286274509803587 -2.3 85.71428571428571 Pink
0.959215686274485 0.6388235294117706 -1.5290196078431837 -0.7 50.0 Brown
-0.03921568627451086 -0.25686274509804446 -0.1078431372549079 -0.09999999999999998 0.0 Gray
1.5639215686274828 0.22784313725483796 -1.0952941176469901 -0.7 100.0 Red
-2.422745098039145 0.24431372549019525 2.052156862745069 -1.0999999999999999 58.333333333333336 Blue
-0.3843137254901604 1.6827450980393934 -1.8074509803921313 -0.09999999999999992 73.33333333333333 Green
0.675294117647083 0.04980392156863206 -0.5501960784313725 -0.8999999999999999 0.0 Orange
1.7058823529411802 1.4898039215686305 -1.193333333333297 -2.3 75.0 Yellow
0.5764705882353081 -1.3894117647058222 0.9156862745098052 -0.7 40.0 Purple
2.5184313725488225 -0.868627450980289 1.1470588235293797 -2.7 71.42857142857143 Pink
-0.4847058823529666 -0.5870588235294035 -0.4419607843137745 0.3000000000000001 0.0 Brown
-0.30980392156862857 -0.06235294117647596 -0.2607843137254963 -0.09999999999999998 0.0 Gray
0.6266666666667003 0.2035294117646384 -0.2898039215685551 -0.8999999999999999 0.0 Red
-2.0494117647058068 0.28117647058823503 1.874901960784285 -0.7 79.16666666666666 Blue
-0.8352941176470212 1.9909803921570404 -1.1674509803921296 -0.7 40.0 Green
1.2321568627451223 -0.045882352941171156 -1.0701960784313702 -0.7 100.0 Orange
1.8360784313725524 1.7596078431372546 -0.8921568627450623 -2.7 75.0 Yellow
0.3741176470588382 -1.0960784313724825 1.1023529411764712 -0.8999999999999999 30.0 Purple
2.6501960784311667 -0.975294117646952 0.6984313725489848 -2.3 85.71428571428571 Pink
0.264313725490169 0.44117647058824366 -1.2035294117647555 -0.09999999999999992 100.0 Brown
-0.03686274509804038 0.04196078431371926 -0.2898039215686333 -0.10000000000000003 0.0 Gray
0.5960784313725828 -0.4984313725490883 -0.9760784313724762 -0.29999999999999993 0.0 Red
-1.4345098039214892 -0.22862745098039142 2.096862745098007 -0.8999999999999999 75.0 Blue
-1.1537254901960414 2.2427450980393986 -0.9352941176470307 -0.49999999999999994 73.33333333333333 Green
0.7631372549019861 0.010588235294123033 -0.7039215686274483 -1.0999999999999999 0.0 Orange
1.4078431372549085 1.5007843137254908 -1.4231372549019237 -1.8999999999999997 100.0 Yellow
0.5388235294117804 -0.825490196078364 0.39568627450980504 -0.49999999999999994 40.0 Purple
2.502745098039005 -0.8482352941175357 0.972941176470552 -2.0999999999999996 85.71428571428571 Pink
1.1552941176470344 0.3525490196078511 -1.0623529411765236 -0.7 50.0 Brown
-0.20313725490196172 -0.1392156862745158 -0.19176470588235933 -0.09999999999999998 0.0 Gray
1.8603921568627866 0.5839215686273762 -0.7603921568626612 -1.4999999999999998 0.0 Red
-1.9968627450979521 0.3627450980392182 1.680392156862709 -0.7 79.16666666666666 Blue
-0.7835294117646663 1.9141176470590122 -1.2725490196078137 -0.29999999999999993 73.33333333333333 Green
0.6964705882353205 0.2427450980392218 -0.7705882352941151 -0.7 0.0 Orange
1.4337254901960872 1.1407843137254905 -0.8678431372548662 -2.0999999999999996 25.0 Yellow
0.603137254901977 -1.1878431372548315 0.9627450980392173 -0.8999999999999999 40.0 Purple
2.6039215686272326 -1.1674509803920399 1.2694117647058445 -2.5 85.71428571428571 Pink
0.7686274509803674 0.20980392156863573 -1.3125490196078995 -0.29999999999999993 50.0 Brown
-0.13568627450980533 0.005098039215679306 -0.5776470588235372 -0.09999999999999998 0.0 Gray
1.013333333333375 -0.4333333333334089 -1.012156862745013 -0.29999999999999993 100.0 Red
-2.0509803921567835 -0.13372549019607627 1.4003921568627047 -0.49999999999999994 54.166666666666664 Blue
0.002352941176511192 1.499215686274708 -1.0992156862744804 -0.09999999999999992 100.0 Green
0.7521568627451249 0.09764705882353561 -0.7799999999999977 -0.8999999999999999 0.0 Orange
1.8737254901960874 1.5462745098039214 -1.1988235294117289 -2.0999999999999996 100.0 Yellow
0.32627450980393957 -0.6937254901960072 0.6317647058823532 -0.49999999999999994 40.0 Purple
2.4698039215684022 -0.6176470588234113 1.0011764705881958 -2.5 85.71428571428571 Pink
-0.49568627450982833 -0.5666666666666579 -0.5619607843137832 0.3000000000000001 0.0 Brown
-0.21098039215686445 -0.0662745098039291 -0.37450980392157734 -0.09999999999999998 0.0 Gray
0.8156862745098455 -0.7980392156863527 -0.9086274509803066 -0.29999999999999993 66.66666666666666 Red
-1.6156862745097242 0.146274509803924 1.8615686274509367 -0.8999999999999999 75.0 Blue
-1.076078431372506 1.685882352941378 -1.3925490196078156 0.10000000000000009 73.33333333333333 Green
0.9294117647059091 -0.09215686274509177 -0.6192156862745074 -0.8999999999999999 0.0 Orange
1.6447058823529501 1.6466666666666685 -1.290588235294074 -2.0999999999999996 100.0 Yellow
0.4666666666666857 -0.8796078431371828 0.7760784313725496 -0.7 40.0 Purple
2.4039215686272084 -0.41294117647046596 0.3823529411764286 -2.3 42.857142857142854 Pink
1.2078431372548772 0.3933333333333422 -0.7823529411765261 -0.8999999999999999 50.0 Brown
-0.23294117647059 -0.07176470588236074 -0.2215686274509893 -0.09999999999999998 0.0 Gray
1.5733333333333799 -0.10235294117655092 0.20588235294126433 -1.4999999999999998 0.0 Red
-1.8580392156861887 -0.1831372549019591 1.5658823529411277 -0.49999999999999994 70.83333333333334 Blue
-0.6556862745097609 1.9901960784315782 -0.7054901960784037 -0.7 66.66666666666666 Green
0.8525490196078702 0.22627450980392808 -0.5015686274509789 -0.8999999999999999 0.0 Orange
1.2164705882353033 1.248235294117651 -1.2913725490195604 -1.4999999999999998 100.0 Yellow
0.5796078431372738 -0.649019607843065 0.6223529411764676 -0.7 40.0 Purple
2.2352941176468146 -0.9399999999998749 1.1760784313725066 -2.3 85.71428571428571 Pink
0.7890196078431142 0.19490196078432234 -1.5352941176471173 -0.29999999999999993 50.0 Brown
-0.07843137254902134 -0.4560784313725574 -0.5478431372549106 0.09999999999999998 0.0 Gray
0.521568627451036 -0.3956862745098898 -0.6419607843136317 -0.09999999999999992 100.0 Red
-1.830588235294022 0.34235294117647364 1.8937254901960316 -0.8999999999999999 79.16666666666666 Blue
-0.7599999999999545 1.1949019607845266 -1.2866666666666404 -0.09999999999999992 60.0 Green
0.6964705882353218 0.14313725490196746 -0.6733333333333327 -0.8999999999999999 0.0 Orange
0.9623529411764777 1.3337254901960875 -1.4874509803921045 -1.2999999999999998 100.0 Yellow
0.5207843137255098 -0.05529411764698715 0.2976470588235228 -0.49999999999999994 60.0 Purple
2.2501960784311277 -1.2254901960783033 1.273333333333291 -2.3 85.71428571428571 Pink
0.861176470588212 0.5603921568627551 -1.2388235294118233 -0.7 50.0 Brown
-0.1427450980392174 -0.19411764705883217 -0.20745098039216572 -0.09999999999999998 0.0 Gray
1.1474509803922168 -0.4843137254902869 -0.23098039215676303 -0.8999999999999999 0.0 Red
-1.7278431372548033 0.5188235294117685 1.4584313725489708 -0.7 75.0 Blue
-0.8760784313725017 2.078039215686498 -1.029411764705844 -0.49999999999999994 66.66666666666666 Green
0.7709803921568908 0.1956862745098109 -0.6607843137254904 -0.8999999999999999 0.0 Orange
1.3121568627451046 1.2341176470588306 -1.3564705882352424 -1.8999999999999997 50.0 Yellow
0.5160784313725709 -0.7133333333332524 0.9031372549019525 -0.8999999999999999 30.0 Purple
2.9450980392154342 -1.2858823529410444 1.3823529411764348 -3.1000000000000005 71.42857142857143 Pink
0.9388235294117424 0.23960784313726494 -1.0427450980392745 -0.49999999999999994 50.0 Brown
-0.2949019607843152 -0.07490196078432254 -0.20509803921569525 -0.09999999999999998 0.0 Gray
